294,4
4294967294,489
4294967294,483
4294967294,490
247,5
4294967294,1479
430,9
430,8
357,5
331,4
291,5
338,4
365,4
357,4
362,4
336,12
336,17
336,20
336,11
336,5
338,7
365,5
4294967294,480
4294967294,974
336,19
336,18
336,16
336,15
336,14
336,13
336,10
336,9
336,8
336,7
336,6
336,4
4294967294,1439
4294967294,1441
4294967294,1486
4294967294,1451
4294967294,1438
291,10
291,9
291,8
291,4
4294967294,1476
4294967294,1495
4294967294,493
4294967278,154
531,108
531,107
4294967294,12
4294967294,976
718,0
4294967278,64
4294967279,61
721,87
719,215
722,95
719,214
719,0
719,213
719,212
719,211
719,210
719,209
719,208
719,207
719,206
719,205
719,204
719,203
719,202
719,201
4294967279,296
719,200
721,86
4294967279,295
722,94
719,199
719,198
719,197
719,196
719,195
719,194
719,193
719,191
719,190
719,189
719,188
719,187
719,186
719,185
719,184
719,183
719,182
719,181
719,180
719,179
719,178
719,177
719,176
719,175
719,174
4294967279,235
718,11
4294967278,570
718,10
721,85
723,24
723,0
4294967278,247
578,16
578,0
4294967278,179
4294967278,176
4294967279,176
4294967279,175
4294967279,173
4294967279,172
4294967278,169
727,11
727,10
727,9
727,8
727,7
4294967278,167
4294967294,67
4294967294,1572
4294967294,2
4294967278,166
4294967294,7
4294967294,6
4294967294,93
4294967294,95
4294967278,165
727,6
727,5
4294967278,164
727,4
727,3
727,2
727,1
4294967294,9
4294967278,163
4294967294,8
0,7
4294967294,1523
4294967294,43
4294967294,52
4294967294,51
4294967294,26
4294967294,25
4294967294,92
4294967294,91
4294967294,90
4294967294,88
4294967294,87
4294967294,86
4294967294,85
4294967294,82
4294967294,42
4294967294,83
4294967278,162
4294967278,160
4294967278,159
4294967279,160
4294967278,158
4294967278,157
717,24
717,84
4294967279,156
4294967279,155
4294967279,154
725,30
725,0
4294967278,153
4294967279,153
4294967278,152
717,83
4294967279,150
4294967279,149
4294967279,148
4294967279,147
721,84
4294967279,146
4294967279,145
717,82
4294967279,144
725,29
725,28
725,27
725,26
725,25
725,24
725,5
725,6
725,23
725,22
4294967278,265
723,23
723,22
723,21
723,20
723,19
722,93
722,92
725,21
725,20
725,19
725,18
717,81
723,18
723,17
725,17
725,16
723,16
4294967279,382
4294967279,324
717,80
723,15
719,192
725,15
719,173
719,172
719,171
719,170
719,169
719,168
719,167
719,166
719,165
4294967279,202
725,14
4294967279,200
4294967279,198
725,13
4294967278,245
4294967279,323
726,15
0,5
725,12
4294967294,5
4294967278,298
4294967278,316
4294967278,243
4294967278,241
4294967278,529
4294967278,223
4294967279,78
4294967279,377
4294967278,552
4294967279,328
4294967278,18
721,83
721,82
721,81
721,80
721,79
726,14
726,13
726,12
726,11
726,10
726,9
726,8
726,7
4294967294,1571
726,6
4294967278,264
726,5
726,4
726,3
726,2
726,1
4294967294,923
4294967294,1
717,79
4294967279,396
719,164
719,163
719,162
719,161
719,160
719,159
719,158
719,157
719,156
719,155
719,154
719,153
719,152
719,151
719,150
719,149
719,148
719,147
719,146
719,145
719,144
719,143
719,142
719,141
719,140
719,139
719,138
719,137
719,136
719,135
719,134
719,133
719,132
719,131
719,130
719,127
722,91
722,90
722,89
722,88
722,87
722,86
722,85
721,78
721,77
721,76
721,75
721,74
721,73
721,72
721,71
721,70
721,69
721,68
721,67
721,66
721,0
721,65
721,64
721,38
721,37
721,36
721,35
721,34
721,33
721,32
721,31
721,30
721,29
721,28
721,27
721,26
721,25
721,24
719,126
719,125
721,23
721,22
721,21
4294967278,532
717,78
717,77
717,76
717,75
717,74
717,73
717,72
717,71
717,70
717,69
717,68
717,67
717,66
717,65
717,0
717,64
717,48
717,47
717,46
717,45
717,44
717,43
717,42
717,41
4294967278,332
717,40
717,35
4294967278,333
719,124
4294967278,286
717,39
719,123
717,38
4294967279,197
4294967279,196
4294967278,572
4294967279,195
4294967279,194
4294967279,193
4294967278,524
4294967279,192
4294967279,191
4294967279,190
4294967279,189
4294967278,227
4294967279,188
4294967278,86
4294967278,74
4294967278,571
4294967278,566
4294967278,62
4294967278,54
4294967278,47
4294967278,32
4294967278,29
4294967278,19
4294967278,13
4294967278,11
4294967278,8
4294967279,130
4294967279,129
4294967279,128
4294967279,127
4294967279,124
4294967279,122
4294967279,118
4294967279,116
4294967279,108
4294967279,292
4294967279,103
4294967279,215
4294967279,101
4294967279,98
4294967279,93
4294967279,92
4294967279,91
4294967279,321
4294967279,87
4294967279,86
4294967279,85
4294967279,84
4294967279,82
4294967279,81
4294967279,80
4294967279,79
4294967279,76
4294967279,75
4294967279,74
4294967279,70
4294967279,68
4294967279,64
4294967279,62
4294967279,58
4294967279,52
4294967279,50
4294967279,46
4294967279,45
4294967279,44
4294967279,43
4294967279,42
4294967279,41
4294967279,40
4294967279,39
4294967279,38
4294967279,36
4294967279,35
4294967279,34
4294967279,33
4294967279,32
4294967279,29
4294967279,28
4294967279,26
4294967279,25
4294967279,23
4294967279,22
4294967279,20
4294967279,19
4294967279,223
4294967279,18
4294967279,17
4294967279,15
4294967279,12
4294967279,11
4294967279,9
4294967279,8
4294967279,7
4294967279,6
4294967279,187
4294967279,186
4294967279,185
4294967279,184
4294967279,183
4294967279,182
4294967279,181
4294967278,535
4294967279,180
719,122
4294967279,179
4294967279,178
4294967279,177
723,14
723,13
717,37
717,36
725,11
725,10
4294967279,171
725,9
4294967279,170
4294967279,169
4294967279,168
725,8
725,7
4294967279,167
723,12
4294967279,166
4294967279,165
4294967279,164
723,11
4294967279,163
4294967279,162
725,4
725,3
725,2
725,1
4294967278,311
717,28
719,121
719,120
723,10
719,119
719,118
4294967278,268
717,34
717,33
719,129
719,128
4294967278,258
717,32
717,31
718,9
718,8
718,7
724,6
724,5
724,4
724,3
724,2
724,1
4294967279,255
722,84
722,83
722,82
722,81
722,80
722,79
722,78
722,77
722,76
722,75
722,74
719,117
719,116
719,115
723,9
723,8
723,7
4294967279,250
4294967294,22
4294967294,17
4294967294,99
4294967294,76
4294967279,249
4294967294,1496
723,6
723,5
723,4
723,3
723,2
723,1
4294967294,53
4294967294,1490
719,114
722,73
722,72
722,71
722,0
722,70
719,113
719,112
722,69
719,111
722,68
722,67
722,66
722,65
722,64
722,38
722,37
722,36
722,35
722,34
722,33
722,32
722,31
722,30
722,29
722,28
722,27
722,26
722,25
722,24
722,23
722,22
722,21
722,20
722,19
722,18
722,17
722,16
722,15
722,14
722,13
722,12
722,11
722,10
722,9
717,30
717,29
719,110
719,109
717,27
717,25
719,108
717,26
717,21
719,107
717,20
717,23
719,106
719,105
717,22
717,5
717,19
717,6
717,18
4294967279,310
717,17
719,104
719,103
719,102
719,101
719,100
719,99
719,98
719,97
719,96
719,95
719,94
719,93
719,92
719,91
717,16
719,90
717,15
719,89
719,88
719,87
719,86
719,85
719,84
4294967278,287
719,83
719,82
4294967278,266
4294967279,302
719,81
719,80
4294967278,263
719,79
4294967278,285
719,78
4294967278,261
4294967278,259
719,77
719,76
719,75
719,74
719,73
4294967278,257
719,72
719,71
719,70
719,69
719,68
717,14
717,13
719,67
719,66
4294967279,298
719,65
719,64
719,38
719,37
719,36
719,35
719,34
719,33
719,32
719,31
719,30
4294967279,326
719,29
719,28
719,27
719,26
719,25
719,24
719,23
719,22
719,21
717,12
717,11
717,10
719,20
4294967279,268
4294967279,352
4294967279,351
4294967279,348
717,9
717,8
4294967278,132
4294967278,130
4294967278,129
4294967278,126
4294967278,125
4294967278,122
4294967278,119
4294967278,116
4294967278,109
4294967278,106
4294967278,91
4294967278,82
4294967278,79
4294967278,76
4294967278,71
4294967278,68
4294967278,65
4294967278,57
4294967278,49
4294967278,48
4294967278,45
4294967278,44
4294967278,39
4294967278,38
4294967278,36
4294967278,33
4294967278,20
4294967278,17
4294967278,16
4294967278,6
4294967279,131
4294967279,126
4294967279,123
4294967279,120
4294967279,117
4294967279,100
4294967279,96
4294967279,30
4294967279,27
4294967279,13
4294967279,10
4294967279,4
4294967279,347
719,19
719,18
719,17
719,16
722,8
722,7
722,6
722,5
722,4
722,3
722,2
722,1
717,7
719,15
719,14
719,13
719,12
719,11
719,10
719,9
719,8
719,7
721,20
721,19
721,18
721,17
721,16
721,15
721,14
721,13
721,12
721,11
721,10
721,9
721,8
721,7
721,6
721,5
721,4
721,3
721,2
721,1
4294967294,1676
720,4
720,3
720,2
720,1
719,6
719,5
719,4
719,3
719,2
719,1
4294967294,1729
718,6
718,5
718,4
718,3
718,2
718,1
4294967279,14
717,4
717,3
717,2
717,1
4294967294,68
4294967294,11
575,29
575,0
575,28
575,27
575,26
575,25
575,24
575,23
575,22
575,21
575,20
575,19
575,18
575,17
575,16
575,15
575,14
575,13
575,12
575,11
575,10
575,9
575,8
575,7
549,10
549,0
4294967294,41
716,5
716,4
716,3
716,2
716,1
552,14
552,0
552,13
552,12
552,11
552,10
552,9
552,8
552,7
552,6
552,5
551,57
551,0
551,56
551,54
551,55
551,50
551,53
551,52
551,51
551,46
551,49
551,48
551,47
550,10
550,0
551,44
551,45
551,41
551,43
551,42
551,38
551,40
551,39
551,37
550,9
551,36
551,34
551,35
551,27
551,33
550,8
551,32
551,31
551,30
551,29
551,28
551,22
551,26
551,25
551,24
551,23
551,20
550,7
551,21
551,19
551,15
551,18
551,17
551,16
551,13
551,14
550,6
550,5
551,12
551,9
551,11
551,10
551,8
551,5
551,7
551,6
4294967279,395
4294967279,394
535,115
535,114
578,15
535,113
578,14
578,11
535,112
4294967279,254
535,111
535,110
535,109
4294967294,474
4294967294,417
578,13
535,108
4294967294,1436
4294967278,215
4294967279,378
578,12
578,5
4294967279,230
535,107
4294967279,246
4294967279,244
4294967279,228
578,10
4294967279,253
4294967279,248
4294967294,1478
4294967279,216
535,106
543,0
535,105
4294967279,224
4294967279,222
543,8
543,7
4294967278,551
578,9
576,131
576,129
576,82
4294967279,212
4294967279,211
4294967279,209
4294967278,202
4294967279,140
578,8
4294967279,262
4294967278,514
4294967279,242
4294967279,240
4294967279,238
4294967279,237
4294967279,236
4294967279,234
4294967279,232
4294967279,226
4294967279,220
4294967279,218
4294967279,280
578,7
578,6
4294967278,568
4294967279,342
4294967279,363
4294967278,2
544,0
577,89
576,81
576,43
576,130
577,88
576,38
576,80
577,87
577,86
4294967279,214
576,79
4294967279,213
577,85
577,45
577,44
576,78
576,33
4294967294,1484
4294967294,1417
4294967279,346
544,25
577,84
576,77
577,83
4294967294,107
544,24
576,76
577,82
576,75
576,0
577,81
576,128
576,34
577,80
4294967294,45
4294967294,44
576,74
576,63
576,9
577,79
576,73
577,78
576,72
576,62
576,18
577,77
4294967294,29
4294967294,28
4294967294,27
544,23
576,61
576,59
576,60
576,32
576,71
576,46
577,76
544,22
577,40
576,70
577,75
576,69
577,74
576,58
577,73
576,68
577,72
576,67
577,71
576,66
577,70
576,65
577,69
576,64
577,68
576,57
577,67
576,56
576,24
544,21
577,66
576,55
576,54
576,49
577,65
577,0
576,53
4294967294,919
544,20
577,64
576,52
577,43
576,51
577,42
576,50
4294967279,344
577,41
576,13
577,32
576,48
577,39
576,47
577,38
4294967278,549
544,19
577,37
576,10
576,45
544,18
576,44
576,25
577,36
576,21
576,42
576,23
576,41
577,35
576,40
577,34
576,39
544,17
577,33
576,14
576,37
544,16
577,24
577,31
576,36
577,30
577,29
576,35
577,28
576,31
577,27
544,15
576,30
577,26
4294967278,539
544,14
576,29
577,25
576,28
577,16
577,23
576,27
577,22
4294967294,922
4294967294,918
4294967294,903
544,13
576,26
577,21
544,12
577,20
576,22
577,19
576,20
577,18
576,19
577,17
576,17
4294967278,536
544,11
577,12
577,15
576,16
544,10
577,14
576,15
577,13
577,11
577,5
576,12
544,9
577,10
544,8
577,9
576,11
576,5
544,7
577,8
576,8
544,6
577,7
577,6
576,7
576,6
4294967279,261
4294967294,1675
4294967294,1674
4294967279,322
535,104
535,103
535,102
535,101
4294967278,547
535,100
535,99
535,98
535,97
4294967278,526
535,96
535,95
535,94
4294967278,262
535,93
535,92
4294967279,314
4294967278,550
4294967278,128
4294967278,103
4294967278,100
4294967278,75
4294967278,66
4294967279,24
4294967279,277
535,91
4294967279,299
535,90
4294967279,287
571,13
571,0
570,11
570,0
571,12
571,11
570,10
570,9
570,8
4294967279,283
4294967279,2
571,10
571,9
571,8
651,10
651,0
639,8
639,0
639,7
650,9
650,0
650,8
651,9
651,8
4294967278,239
4294967278,217
536,106
4294967279,252
4294967279,241
4294967279,88
4294967278,88
536,105
4294967278,291
4294967278,290
4294967279,447
4294967279,446
4294967279,445
4294967279,444
4294967279,443
4294967279,442
4294967279,441
4294967279,440
4294967279,439
4294967279,438
4294967278,383
4294967279,437
615,0
4294967278,284
614,135
614,0
4294967278,277
4294967278,382
535,89
535,88
535,87
535,86
535,85
535,84
536,104
535,83
535,82
4294967279,436
4294967279,435
536,103
535,81
549,9
549,8
535,80
535,79
535,78
4294967294,1570
4294967294,96
656,7
656,6
656,5
656,4
656,3
656,2
656,1
4294967279,434
4294967278,381
535,77
4294967279,433
4294967278,142
4294967279,432
4294967278,380
535,76
4294967279,431
536,102
4294967294,1569
655,7
655,6
655,5
655,4
655,3
655,2
655,1
4294967278,379
4294967294,979
4294967294,1568
654,7
654,6
654,5
654,4
654,3
654,2
654,1
4294967294,1567
653,7
653,6
653,5
653,4
653,3
653,2
653,1
4294967278,378
652,7
652,6
